#sequence of 3 AOIs and respective durations (real time feed)
user, age, exp, trial, aoi1, duration1, aoi2, duration2, aoi3, duration3


#Transformation of entire raw dataset into a dataset for analysis
user, age, exp, trial, aoi1, duration1, aoi2, duration2, aoi3, duration3 ...



Raw Data (entire dataset: User1, Exp1, Trial1)
user1,40,1,1,18,239,920,536,2016-02-17T14:51:31+00:00,2016-02-17T14:51:31+00:00,0,0,0,0,1
user1,40,1,1,40,234,242,108,2016-02-17T14:51:32+00:00,2016-02-17T14:51:32+00:00,1,0,0,0,1
user1,40,1,1,1,94,612,86,2016-02-17T14:51:32+00:00,2016-02-17T14:51:32+00:00,0,0,0,0,0

user1,40,1,1,3,32,1003,67,2016-02-17T14:51:33+00:00,2016-02-17T14:51:33+00:00,0,0,0,0,0
user1,40,1,1,10,32,963,271,2016-02-17T14:51:34+00:00,2016-02-17T14:51:34+00:00,0,0,0,0,0
user1,40,1,1,20,64,1332,479,2016-02-17T14:51:34+00:00,2016-02-17T14:51:34+00:00,0,1,0,0,0

user1,40,1,1,20,436,1289,491,2016-02-17T14:51:35+00:00,2016-02-17T14:51:35+00:00,0,1,0,0,1
user1,40,1,1,40,154,245,102,2016-02-17T14:51:35+00:00,2016-02-17T14:51:35+00:00,1,0,0,0,1
user1,40,1,1,42,61,1353,553,2016-02-17T14:51:36+00:00,2016-02-17T14:51:36+00:00,0,0,0,1,0

user1,40,1,1,21,30,1468,535,2016-02-17T14:51:36+00:00,2016-02-17T14:51:36+00:00,0,0,0,0,0
user1,40,1,1,21,354,1475,510,2016-02-17T14:51:36+00:00,2016-02-17T14:51:36+00:00,0,0,0,0,1
user1,40,1,1,13,32,1392,412,2016-02-17T14:51:37+00:00,2016-02-17T14:51:37+00:00,0,0,0,0,0

user1,40,1,1,12,464,1184,418,2016-02-17T14:51:37+00:00,2016-02-17T14:51:37+00:00,0,0,0,0,1
user1,40,1,1,21,63,1387,483,2016-02-17T14:51:38+00:00,2016-02-17T14:51:38+00:00,0,0,0,0,1
user1,40,1,1,21,127,1399,462,2016-02-17T14:51:38+00:00,2016-02-17T14:51:38+00:00,0,0,0,0,1

user1,40,1,1,20,83,1233,458,2016-02-17T14:51:38+00:00,2016-02-17T14:51:38+00:00,0,1,0,0,1
user1,40,1,1,20,105,1257,509,2016-02-17T14:51:39+00:00,2016-02-17T14:51:39+00:00,0,1,0,0,1
user1,40,1,1,21,20,1441,513,2016-02-17T14:51:39+00:00,2016-02-17T14:51:39+00:00,0,0,0,0,1

user1,40,1,1,21,239,1466,511,2016-02-17T14:51:39+00:00,2016-02-17T14:51:39+00:00,0,0,0,0,1
user1,40,1,1,20,31,1246,490,2016-02-17T14:51:39+00:00,2016-02-17T14:51:39+00:00,0,1,0,0,1
user1,40,1,1,20,165,1278,501,2016-02-17T14:51:40+00:00,2016-02-17T14:51:40+00:00,0,1,0,0,1

user1,40,1,1,21,818,1487,523,2016-02-17T14:51:41+00:00,2016-02-17T14:51:41+00:00,0,0,0,0,1
user1,40,1,1,20,1564,1315,500,2016-02-17T14:51:42+00:00,2016-02-17T14:51:42+00:00,0,1,0,0,1
user1,40,1,1,12,250,1186,406,2016-02-17T14:51:43+00:00,2016-02-17T14:51:43+00:00,0,0,0,0,1

user1,40,1,1,40,95,244,96,2016-02-17T14:51:43+00:00,2016-02-17T14:51:43+00:00,1,0,0,0,1
user1,40,1,1,12,31,1282,325,2016-02-17T14:51:44+00:00,2016-02-17T14:51:44+00:00,0,0,0,0,1